
attack_dim: 0
[0.79780866 1.00675515 0.98648937 1.11336637 1.0284018  1.01447527
 1.01127875]
[0.86411583 1.00875515 0.98848937 1.11404105 1.0304018  1.01647527
 1.01327875]
dim: 0
0.13380108466837404 -0.011241358626431497
dim: 1
0.0040000000000000036 0.0
dim: 2
0.0040000000000000036 0.0
dim: 3
0.0026746831888415645 -0.001325316811158439
dim: 4
0.0040000000000000036 0.0
dim: 5
0.0040000000000000036 0.0
dim: 6
0.0040000000000000036 0.0

attack_dim: 1, 2, 3, 4, 5, 6
inf

delt_x = 0.02
lk.cur_feedback[0] += delt_x
attack_dim: 0
[0.98538917 0.99510995 0.97651334 0.97103574 0.94023004 0.93369135
 0.97680386]
[0.96738917 0.99310995 0.97851334 0.97303574 0.9417964  0.93569135
 0.97880386]
dim: 0
0.048332546674727195 -0.09842736998020463
dim: 1
0.0989472404043743 -0.05802328927426492
dim: 2
0.07813322049803373 -0.07418785299369013
dim: 3
0.12593799456964427 -0.07149379735455952
dim: 4
0.0692589751999717 -0.13472288188497905
dim: 5
0.10908461647398582 -0.07377716948273771
dim: 6
0.10487039348785399 -0.12889617455846836

attack_dim: 1
[0.98538917 0.99110995 0.97651334 0.97503574 0.94026918 0.93369135
 0.97680386]
[0.96738917 0.99310995 0.97851334 0.97303574 0.9417964  0.93569135
 0.97880386]
dim: 0
0.048332546674727195 -0.09842736998020463
dim: 1
0.10294724040437464 -0.054023289274264585
dim: 2
0.07813322049803373 -0.07418785299369013
dim: 3
0.12193799456964427 -0.07549379735455952
dim: 4
0.06921983752829064 -0.13476201955666012
dim: 5
0.10908461647398582 -0.07377716948273771
dim: 6
0.10487039348785399 -0.12889617455846836

attack_dim: 2
[0.98538917 0.99110995 0.97651334 0.97103574 0.94039262 0.93369135
 0.97680386]
[0.96738917 0.99310995 0.97851334 0.97303574 0.9417964  0.93569135
 0.97880386]
dim: 0
0.048332546674727195 -0.09842736998020463
dim: 1
0.10294724040437431 -0.05402328927426492
dim: 0
0.504 -0.5
dim: 0
0.504 -0.5
dim: 0
0.5 -0.504
dim: 0
0.49999999999999994 -0.5039999999999999
dim: 1
0.08040646410529129 -0.02430478436809702
dim: 1
0.08040646410529129 -0.02430478436809702
dim: 1
0.04291217076122 -0.05542016714468079
dim: 1
0.04291217076122 -0.05542016714468079
dim: 0
0.028920898964651665 -0.09801959208676259
dim: 0
0.028920898964651665 -0.09801959208676259
